{
 "cells": [
  {
   "cell_type": "markdown",
   "id": "3250363f",
   "metadata": {},
   "source": [
    "## 시계열 데이터"
   ]
  },
  {
   "cell_type": "code",
   "execution_count": 1,
   "id": "0e6aa7a2",
   "metadata": {},
   "outputs": [],
   "source": [
    "import pandas as pd"
   ]
  },
  {
   "cell_type": "code",
   "execution_count": 2,
   "id": "2a219d3c",
   "metadata": {},
   "outputs": [],
   "source": [
    "df = pd.read_csv('./stock-data.csv')"
   ]
  },
  {
   "cell_type": "code",
   "execution_count": 3,
   "id": "e8b3aaf3",
   "metadata": {},
   "outputs": [
    {
     "data": {
      "text/html": [
       "<div>\n",
       "<style scoped>\n",
       "    .dataframe tbody tr th:only-of-type {\n",
       "        vertical-align: middle;\n",
       "    }\n",
       "\n",
       "    .dataframe tbody tr th {\n",
       "        vertical-align: top;\n",
       "    }\n",
       "\n",
       "    .dataframe thead th {\n",
       "        text-align: right;\n",
       "    }\n",
       "</style>\n",
       "<table border=\"1\" class=\"dataframe\">\n",
       "  <thead>\n",
       "    <tr style=\"text-align: right;\">\n",
       "      <th></th>\n",
       "      <th>Date</th>\n",
       "      <th>Close</th>\n",
       "      <th>Start</th>\n",
       "      <th>High</th>\n",
       "      <th>Low</th>\n",
       "      <th>Volume</th>\n",
       "    </tr>\n",
       "  </thead>\n",
       "  <tbody>\n",
       "    <tr>\n",
       "      <th>0</th>\n",
       "      <td>2018-07-02</td>\n",
       "      <td>10100</td>\n",
       "      <td>10850</td>\n",
       "      <td>10900</td>\n",
       "      <td>10000</td>\n",
       "      <td>137977</td>\n",
       "    </tr>\n",
       "    <tr>\n",
       "      <th>1</th>\n",
       "      <td>2018-06-29</td>\n",
       "      <td>10700</td>\n",
       "      <td>10550</td>\n",
       "      <td>10900</td>\n",
       "      <td>9990</td>\n",
       "      <td>170253</td>\n",
       "    </tr>\n",
       "    <tr>\n",
       "      <th>2</th>\n",
       "      <td>2018-06-28</td>\n",
       "      <td>10400</td>\n",
       "      <td>10900</td>\n",
       "      <td>10950</td>\n",
       "      <td>10150</td>\n",
       "      <td>155769</td>\n",
       "    </tr>\n",
       "    <tr>\n",
       "      <th>3</th>\n",
       "      <td>2018-06-27</td>\n",
       "      <td>10900</td>\n",
       "      <td>10800</td>\n",
       "      <td>11050</td>\n",
       "      <td>10500</td>\n",
       "      <td>133548</td>\n",
       "    </tr>\n",
       "    <tr>\n",
       "      <th>4</th>\n",
       "      <td>2018-06-26</td>\n",
       "      <td>10800</td>\n",
       "      <td>10900</td>\n",
       "      <td>11000</td>\n",
       "      <td>10700</td>\n",
       "      <td>63039</td>\n",
       "    </tr>\n",
       "    <tr>\n",
       "      <th>5</th>\n",
       "      <td>2018-06-25</td>\n",
       "      <td>11150</td>\n",
       "      <td>11400</td>\n",
       "      <td>11450</td>\n",
       "      <td>11000</td>\n",
       "      <td>55519</td>\n",
       "    </tr>\n",
       "    <tr>\n",
       "      <th>6</th>\n",
       "      <td>2018-06-22</td>\n",
       "      <td>11300</td>\n",
       "      <td>11250</td>\n",
       "      <td>11450</td>\n",
       "      <td>10750</td>\n",
       "      <td>134805</td>\n",
       "    </tr>\n",
       "    <tr>\n",
       "      <th>7</th>\n",
       "      <td>2018-06-21</td>\n",
       "      <td>11200</td>\n",
       "      <td>11350</td>\n",
       "      <td>11750</td>\n",
       "      <td>11200</td>\n",
       "      <td>133002</td>\n",
       "    </tr>\n",
       "    <tr>\n",
       "      <th>8</th>\n",
       "      <td>2018-06-20</td>\n",
       "      <td>11550</td>\n",
       "      <td>11200</td>\n",
       "      <td>11600</td>\n",
       "      <td>10900</td>\n",
       "      <td>308596</td>\n",
       "    </tr>\n",
       "    <tr>\n",
       "      <th>9</th>\n",
       "      <td>2018-06-19</td>\n",
       "      <td>11300</td>\n",
       "      <td>11850</td>\n",
       "      <td>11950</td>\n",
       "      <td>11300</td>\n",
       "      <td>180656</td>\n",
       "    </tr>\n",
       "    <tr>\n",
       "      <th>10</th>\n",
       "      <td>2018-06-18</td>\n",
       "      <td>12000</td>\n",
       "      <td>13400</td>\n",
       "      <td>13400</td>\n",
       "      <td>12000</td>\n",
       "      <td>309787</td>\n",
       "    </tr>\n",
       "    <tr>\n",
       "      <th>11</th>\n",
       "      <td>2018-06-15</td>\n",
       "      <td>13400</td>\n",
       "      <td>13600</td>\n",
       "      <td>13600</td>\n",
       "      <td>12900</td>\n",
       "      <td>201376</td>\n",
       "    </tr>\n",
       "    <tr>\n",
       "      <th>12</th>\n",
       "      <td>2018-06-14</td>\n",
       "      <td>13450</td>\n",
       "      <td>13200</td>\n",
       "      <td>13700</td>\n",
       "      <td>13150</td>\n",
       "      <td>347451</td>\n",
       "    </tr>\n",
       "    <tr>\n",
       "      <th>13</th>\n",
       "      <td>2018-06-12</td>\n",
       "      <td>13200</td>\n",
       "      <td>12200</td>\n",
       "      <td>13300</td>\n",
       "      <td>12050</td>\n",
       "      <td>558148</td>\n",
       "    </tr>\n",
       "    <tr>\n",
       "      <th>14</th>\n",
       "      <td>2018-06-11</td>\n",
       "      <td>11950</td>\n",
       "      <td>12000</td>\n",
       "      <td>12250</td>\n",
       "      <td>11950</td>\n",
       "      <td>62293</td>\n",
       "    </tr>\n",
       "    <tr>\n",
       "      <th>15</th>\n",
       "      <td>2018-06-08</td>\n",
       "      <td>11950</td>\n",
       "      <td>11950</td>\n",
       "      <td>12200</td>\n",
       "      <td>11800</td>\n",
       "      <td>59258</td>\n",
       "    </tr>\n",
       "    <tr>\n",
       "      <th>16</th>\n",
       "      <td>2018-06-07</td>\n",
       "      <td>11950</td>\n",
       "      <td>12200</td>\n",
       "      <td>12300</td>\n",
       "      <td>11900</td>\n",
       "      <td>49088</td>\n",
       "    </tr>\n",
       "    <tr>\n",
       "      <th>17</th>\n",
       "      <td>2018-06-05</td>\n",
       "      <td>12150</td>\n",
       "      <td>11800</td>\n",
       "      <td>12250</td>\n",
       "      <td>11800</td>\n",
       "      <td>42485</td>\n",
       "    </tr>\n",
       "    <tr>\n",
       "      <th>18</th>\n",
       "      <td>2018-06-04</td>\n",
       "      <td>11900</td>\n",
       "      <td>11900</td>\n",
       "      <td>12200</td>\n",
       "      <td>11700</td>\n",
       "      <td>25171</td>\n",
       "    </tr>\n",
       "    <tr>\n",
       "      <th>19</th>\n",
       "      <td>2018-06-01</td>\n",
       "      <td>11900</td>\n",
       "      <td>11800</td>\n",
       "      <td>12100</td>\n",
       "      <td>11750</td>\n",
       "      <td>32062</td>\n",
       "    </tr>\n",
       "  </tbody>\n",
       "</table>\n",
       "</div>"
      ],
      "text/plain": [
       "          Date  Close  Start   High    Low  Volume\n",
       "0   2018-07-02  10100  10850  10900  10000  137977\n",
       "1   2018-06-29  10700  10550  10900   9990  170253\n",
       "2   2018-06-28  10400  10900  10950  10150  155769\n",
       "3   2018-06-27  10900  10800  11050  10500  133548\n",
       "4   2018-06-26  10800  10900  11000  10700   63039\n",
       "5   2018-06-25  11150  11400  11450  11000   55519\n",
       "6   2018-06-22  11300  11250  11450  10750  134805\n",
       "7   2018-06-21  11200  11350  11750  11200  133002\n",
       "8   2018-06-20  11550  11200  11600  10900  308596\n",
       "9   2018-06-19  11300  11850  11950  11300  180656\n",
       "10  2018-06-18  12000  13400  13400  12000  309787\n",
       "11  2018-06-15  13400  13600  13600  12900  201376\n",
       "12  2018-06-14  13450  13200  13700  13150  347451\n",
       "13  2018-06-12  13200  12200  13300  12050  558148\n",
       "14  2018-06-11  11950  12000  12250  11950   62293\n",
       "15  2018-06-08  11950  11950  12200  11800   59258\n",
       "16  2018-06-07  11950  12200  12300  11900   49088\n",
       "17  2018-06-05  12150  11800  12250  11800   42485\n",
       "18  2018-06-04  11900  11900  12200  11700   25171\n",
       "19  2018-06-01  11900  11800  12100  11750   32062"
      ]
     },
     "execution_count": 3,
     "metadata": {},
     "output_type": "execute_result"
    }
   ],
   "source": [
    "df"
   ]
  },
  {
   "cell_type": "code",
   "execution_count": 4,
   "id": "44cb82d7",
   "metadata": {},
   "outputs": [],
   "source": [
    "df['new_Date']=pd.to_datetime(df['Date'])"
   ]
  },
  {
   "cell_type": "code",
   "execution_count": 5,
   "id": "b1e5f02b",
   "metadata": {},
   "outputs": [
    {
     "name": "stdout",
     "output_type": "stream",
     "text": [
      "<class 'pandas.core.frame.DataFrame'>\n",
      "RangeIndex: 20 entries, 0 to 19\n",
      "Data columns (total 7 columns):\n",
      " #   Column    Non-Null Count  Dtype         \n",
      "---  ------    --------------  -----         \n",
      " 0   Date      20 non-null     object        \n",
      " 1   Close     20 non-null     int64         \n",
      " 2   Start     20 non-null     int64         \n",
      " 3   High      20 non-null     int64         \n",
      " 4   Low       20 non-null     int64         \n",
      " 5   Volume    20 non-null     int64         \n",
      " 6   new_Date  20 non-null     datetime64[ns]\n",
      "dtypes: datetime64[ns](1), int64(5), object(1)\n",
      "memory usage: 1.2+ KB\n"
     ]
    }
   ],
   "source": [
    "df.info()"
   ]
  },
  {
   "cell_type": "code",
   "execution_count": 6,
   "id": "98e5cd58",
   "metadata": {},
   "outputs": [],
   "source": [
    "df.set_index('new_Date',inplace=True) # new_Date 열의 요소를 행 인덱스로 변경\n",
    "df.drop('Date',axis=1, inplace=True)"
   ]
  },
  {
   "cell_type": "code",
   "execution_count": 7,
   "id": "1ed9ef52",
   "metadata": {
    "scrolled": true
   },
   "outputs": [
    {
     "data": {
      "text/html": [
       "<div>\n",
       "<style scoped>\n",
       "    .dataframe tbody tr th:only-of-type {\n",
       "        vertical-align: middle;\n",
       "    }\n",
       "\n",
       "    .dataframe tbody tr th {\n",
       "        vertical-align: top;\n",
       "    }\n",
       "\n",
       "    .dataframe thead th {\n",
       "        text-align: right;\n",
       "    }\n",
       "</style>\n",
       "<table border=\"1\" class=\"dataframe\">\n",
       "  <thead>\n",
       "    <tr style=\"text-align: right;\">\n",
       "      <th></th>\n",
       "      <th>Close</th>\n",
       "      <th>Start</th>\n",
       "      <th>High</th>\n",
       "      <th>Low</th>\n",
       "      <th>Volume</th>\n",
       "    </tr>\n",
       "    <tr>\n",
       "      <th>new_Date</th>\n",
       "      <th></th>\n",
       "      <th></th>\n",
       "      <th></th>\n",
       "      <th></th>\n",
       "      <th></th>\n",
       "    </tr>\n",
       "  </thead>\n",
       "  <tbody>\n",
       "    <tr>\n",
       "      <th>2018-06-01</th>\n",
       "      <td>11900</td>\n",
       "      <td>11800</td>\n",
       "      <td>12100</td>\n",
       "      <td>11750</td>\n",
       "      <td>32062</td>\n",
       "    </tr>\n",
       "    <tr>\n",
       "      <th>2018-06-04</th>\n",
       "      <td>11900</td>\n",
       "      <td>11900</td>\n",
       "      <td>12200</td>\n",
       "      <td>11700</td>\n",
       "      <td>25171</td>\n",
       "    </tr>\n",
       "    <tr>\n",
       "      <th>2018-06-05</th>\n",
       "      <td>12150</td>\n",
       "      <td>11800</td>\n",
       "      <td>12250</td>\n",
       "      <td>11800</td>\n",
       "      <td>42485</td>\n",
       "    </tr>\n",
       "    <tr>\n",
       "      <th>2018-06-07</th>\n",
       "      <td>11950</td>\n",
       "      <td>12200</td>\n",
       "      <td>12300</td>\n",
       "      <td>11900</td>\n",
       "      <td>49088</td>\n",
       "    </tr>\n",
       "    <tr>\n",
       "      <th>2018-06-08</th>\n",
       "      <td>11950</td>\n",
       "      <td>11950</td>\n",
       "      <td>12200</td>\n",
       "      <td>11800</td>\n",
       "      <td>59258</td>\n",
       "    </tr>\n",
       "    <tr>\n",
       "      <th>2018-06-11</th>\n",
       "      <td>11950</td>\n",
       "      <td>12000</td>\n",
       "      <td>12250</td>\n",
       "      <td>11950</td>\n",
       "      <td>62293</td>\n",
       "    </tr>\n",
       "    <tr>\n",
       "      <th>2018-06-12</th>\n",
       "      <td>13200</td>\n",
       "      <td>12200</td>\n",
       "      <td>13300</td>\n",
       "      <td>12050</td>\n",
       "      <td>558148</td>\n",
       "    </tr>\n",
       "    <tr>\n",
       "      <th>2018-06-14</th>\n",
       "      <td>13450</td>\n",
       "      <td>13200</td>\n",
       "      <td>13700</td>\n",
       "      <td>13150</td>\n",
       "      <td>347451</td>\n",
       "    </tr>\n",
       "    <tr>\n",
       "      <th>2018-06-15</th>\n",
       "      <td>13400</td>\n",
       "      <td>13600</td>\n",
       "      <td>13600</td>\n",
       "      <td>12900</td>\n",
       "      <td>201376</td>\n",
       "    </tr>\n",
       "    <tr>\n",
       "      <th>2018-06-18</th>\n",
       "      <td>12000</td>\n",
       "      <td>13400</td>\n",
       "      <td>13400</td>\n",
       "      <td>12000</td>\n",
       "      <td>309787</td>\n",
       "    </tr>\n",
       "    <tr>\n",
       "      <th>2018-06-19</th>\n",
       "      <td>11300</td>\n",
       "      <td>11850</td>\n",
       "      <td>11950</td>\n",
       "      <td>11300</td>\n",
       "      <td>180656</td>\n",
       "    </tr>\n",
       "    <tr>\n",
       "      <th>2018-06-20</th>\n",
       "      <td>11550</td>\n",
       "      <td>11200</td>\n",
       "      <td>11600</td>\n",
       "      <td>10900</td>\n",
       "      <td>308596</td>\n",
       "    </tr>\n",
       "    <tr>\n",
       "      <th>2018-06-21</th>\n",
       "      <td>11200</td>\n",
       "      <td>11350</td>\n",
       "      <td>11750</td>\n",
       "      <td>11200</td>\n",
       "      <td>133002</td>\n",
       "    </tr>\n",
       "    <tr>\n",
       "      <th>2018-06-22</th>\n",
       "      <td>11300</td>\n",
       "      <td>11250</td>\n",
       "      <td>11450</td>\n",
       "      <td>10750</td>\n",
       "      <td>134805</td>\n",
       "    </tr>\n",
       "    <tr>\n",
       "      <th>2018-06-25</th>\n",
       "      <td>11150</td>\n",
       "      <td>11400</td>\n",
       "      <td>11450</td>\n",
       "      <td>11000</td>\n",
       "      <td>55519</td>\n",
       "    </tr>\n",
       "    <tr>\n",
       "      <th>2018-06-26</th>\n",
       "      <td>10800</td>\n",
       "      <td>10900</td>\n",
       "      <td>11000</td>\n",
       "      <td>10700</td>\n",
       "      <td>63039</td>\n",
       "    </tr>\n",
       "    <tr>\n",
       "      <th>2018-06-27</th>\n",
       "      <td>10900</td>\n",
       "      <td>10800</td>\n",
       "      <td>11050</td>\n",
       "      <td>10500</td>\n",
       "      <td>133548</td>\n",
       "    </tr>\n",
       "    <tr>\n",
       "      <th>2018-06-28</th>\n",
       "      <td>10400</td>\n",
       "      <td>10900</td>\n",
       "      <td>10950</td>\n",
       "      <td>10150</td>\n",
       "      <td>155769</td>\n",
       "    </tr>\n",
       "    <tr>\n",
       "      <th>2018-06-29</th>\n",
       "      <td>10700</td>\n",
       "      <td>10550</td>\n",
       "      <td>10900</td>\n",
       "      <td>9990</td>\n",
       "      <td>170253</td>\n",
       "    </tr>\n",
       "    <tr>\n",
       "      <th>2018-07-02</th>\n",
       "      <td>10100</td>\n",
       "      <td>10850</td>\n",
       "      <td>10900</td>\n",
       "      <td>10000</td>\n",
       "      <td>137977</td>\n",
       "    </tr>\n",
       "  </tbody>\n",
       "</table>\n",
       "</div>"
      ],
      "text/plain": [
       "            Close  Start   High    Low  Volume\n",
       "new_Date                                      \n",
       "2018-06-01  11900  11800  12100  11750   32062\n",
       "2018-06-04  11900  11900  12200  11700   25171\n",
       "2018-06-05  12150  11800  12250  11800   42485\n",
       "2018-06-07  11950  12200  12300  11900   49088\n",
       "2018-06-08  11950  11950  12200  11800   59258\n",
       "2018-06-11  11950  12000  12250  11950   62293\n",
       "2018-06-12  13200  12200  13300  12050  558148\n",
       "2018-06-14  13450  13200  13700  13150  347451\n",
       "2018-06-15  13400  13600  13600  12900  201376\n",
       "2018-06-18  12000  13400  13400  12000  309787\n",
       "2018-06-19  11300  11850  11950  11300  180656\n",
       "2018-06-20  11550  11200  11600  10900  308596\n",
       "2018-06-21  11200  11350  11750  11200  133002\n",
       "2018-06-22  11300  11250  11450  10750  134805\n",
       "2018-06-25  11150  11400  11450  11000   55519\n",
       "2018-06-26  10800  10900  11000  10700   63039\n",
       "2018-06-27  10900  10800  11050  10500  133548\n",
       "2018-06-28  10400  10900  10950  10150  155769\n",
       "2018-06-29  10700  10550  10900   9990  170253\n",
       "2018-07-02  10100  10850  10900  10000  137977"
      ]
     },
     "execution_count": 7,
     "metadata": {},
     "output_type": "execute_result"
    }
   ],
   "source": [
    "df=df.sort_index()\n",
    "df"
   ]
  },
  {
   "cell_type": "code",
   "execution_count": 8,
   "id": "d9632d90",
   "metadata": {},
   "outputs": [
    {
     "data": {
      "text/html": [
       "<div>\n",
       "<style scoped>\n",
       "    .dataframe tbody tr th:only-of-type {\n",
       "        vertical-align: middle;\n",
       "    }\n",
       "\n",
       "    .dataframe tbody tr th {\n",
       "        vertical-align: top;\n",
       "    }\n",
       "\n",
       "    .dataframe thead th {\n",
       "        text-align: right;\n",
       "    }\n",
       "</style>\n",
       "<table border=\"1\" class=\"dataframe\">\n",
       "  <thead>\n",
       "    <tr style=\"text-align: right;\">\n",
       "      <th></th>\n",
       "      <th>Close</th>\n",
       "      <th>Start</th>\n",
       "      <th>High</th>\n",
       "      <th>Low</th>\n",
       "      <th>Volume</th>\n",
       "    </tr>\n",
       "    <tr>\n",
       "      <th>new_Date</th>\n",
       "      <th></th>\n",
       "      <th></th>\n",
       "      <th></th>\n",
       "      <th></th>\n",
       "      <th></th>\n",
       "    </tr>\n",
       "  </thead>\n",
       "  <tbody>\n",
       "    <tr>\n",
       "      <th>2018-07-02</th>\n",
       "      <td>10100</td>\n",
       "      <td>10850</td>\n",
       "      <td>10900</td>\n",
       "      <td>10000</td>\n",
       "      <td>137977</td>\n",
       "    </tr>\n",
       "  </tbody>\n",
       "</table>\n",
       "</div>"
      ],
      "text/plain": [
       "            Close  Start   High    Low  Volume\n",
       "new_Date                                      \n",
       "2018-07-02  10100  10850  10900  10000  137977"
      ]
     },
     "execution_count": 8,
     "metadata": {},
     "output_type": "execute_result"
    }
   ],
   "source": [
    "df.loc['2018-07']"
   ]
  },
  {
   "cell_type": "code",
   "execution_count": 9,
   "id": "4bebcbb1",
   "metadata": {},
   "outputs": [
    {
     "data": {
      "text/html": [
       "<div>\n",
       "<style scoped>\n",
       "    .dataframe tbody tr th:only-of-type {\n",
       "        vertical-align: middle;\n",
       "    }\n",
       "\n",
       "    .dataframe tbody tr th {\n",
       "        vertical-align: top;\n",
       "    }\n",
       "\n",
       "    .dataframe thead th {\n",
       "        text-align: right;\n",
       "    }\n",
       "</style>\n",
       "<table border=\"1\" class=\"dataframe\">\n",
       "  <thead>\n",
       "    <tr style=\"text-align: right;\">\n",
       "      <th></th>\n",
       "      <th>Close</th>\n",
       "      <th>Start</th>\n",
       "      <th>High</th>\n",
       "      <th>Low</th>\n",
       "      <th>Volume</th>\n",
       "    </tr>\n",
       "    <tr>\n",
       "      <th>new_Date</th>\n",
       "      <th></th>\n",
       "      <th></th>\n",
       "      <th></th>\n",
       "      <th></th>\n",
       "      <th></th>\n",
       "    </tr>\n",
       "  </thead>\n",
       "  <tbody>\n",
       "    <tr>\n",
       "      <th>2018-06-15</th>\n",
       "      <td>13400</td>\n",
       "      <td>13600</td>\n",
       "      <td>13600</td>\n",
       "      <td>12900</td>\n",
       "      <td>201376</td>\n",
       "    </tr>\n",
       "    <tr>\n",
       "      <th>2018-06-18</th>\n",
       "      <td>12000</td>\n",
       "      <td>13400</td>\n",
       "      <td>13400</td>\n",
       "      <td>12000</td>\n",
       "      <td>309787</td>\n",
       "    </tr>\n",
       "    <tr>\n",
       "      <th>2018-06-19</th>\n",
       "      <td>11300</td>\n",
       "      <td>11850</td>\n",
       "      <td>11950</td>\n",
       "      <td>11300</td>\n",
       "      <td>180656</td>\n",
       "    </tr>\n",
       "    <tr>\n",
       "      <th>2018-06-20</th>\n",
       "      <td>11550</td>\n",
       "      <td>11200</td>\n",
       "      <td>11600</td>\n",
       "      <td>10900</td>\n",
       "      <td>308596</td>\n",
       "    </tr>\n",
       "    <tr>\n",
       "      <th>2018-06-21</th>\n",
       "      <td>11200</td>\n",
       "      <td>11350</td>\n",
       "      <td>11750</td>\n",
       "      <td>11200</td>\n",
       "      <td>133002</td>\n",
       "    </tr>\n",
       "    <tr>\n",
       "      <th>2018-06-22</th>\n",
       "      <td>11300</td>\n",
       "      <td>11250</td>\n",
       "      <td>11450</td>\n",
       "      <td>10750</td>\n",
       "      <td>134805</td>\n",
       "    </tr>\n",
       "    <tr>\n",
       "      <th>2018-06-25</th>\n",
       "      <td>11150</td>\n",
       "      <td>11400</td>\n",
       "      <td>11450</td>\n",
       "      <td>11000</td>\n",
       "      <td>55519</td>\n",
       "    </tr>\n",
       "    <tr>\n",
       "      <th>2018-06-26</th>\n",
       "      <td>10800</td>\n",
       "      <td>10900</td>\n",
       "      <td>11000</td>\n",
       "      <td>10700</td>\n",
       "      <td>63039</td>\n",
       "    </tr>\n",
       "    <tr>\n",
       "      <th>2018-06-27</th>\n",
       "      <td>10900</td>\n",
       "      <td>10800</td>\n",
       "      <td>11050</td>\n",
       "      <td>10500</td>\n",
       "      <td>133548</td>\n",
       "    </tr>\n",
       "    <tr>\n",
       "      <th>2018-06-28</th>\n",
       "      <td>10400</td>\n",
       "      <td>10900</td>\n",
       "      <td>10950</td>\n",
       "      <td>10150</td>\n",
       "      <td>155769</td>\n",
       "    </tr>\n",
       "    <tr>\n",
       "      <th>2018-06-29</th>\n",
       "      <td>10700</td>\n",
       "      <td>10550</td>\n",
       "      <td>10900</td>\n",
       "      <td>9990</td>\n",
       "      <td>170253</td>\n",
       "    </tr>\n",
       "  </tbody>\n",
       "</table>\n",
       "</div>"
      ],
      "text/plain": [
       "            Close  Start   High    Low  Volume\n",
       "new_Date                                      \n",
       "2018-06-15  13400  13600  13600  12900  201376\n",
       "2018-06-18  12000  13400  13400  12000  309787\n",
       "2018-06-19  11300  11850  11950  11300  180656\n",
       "2018-06-20  11550  11200  11600  10900  308596\n",
       "2018-06-21  11200  11350  11750  11200  133002\n",
       "2018-06-22  11300  11250  11450  10750  134805\n",
       "2018-06-25  11150  11400  11450  11000   55519\n",
       "2018-06-26  10800  10900  11000  10700   63039\n",
       "2018-06-27  10900  10800  11050  10500  133548\n",
       "2018-06-28  10400  10900  10950  10150  155769\n",
       "2018-06-29  10700  10550  10900   9990  170253"
      ]
     },
     "execution_count": 9,
     "metadata": {},
     "output_type": "execute_result"
    }
   ],
   "source": [
    "df.loc['2018-06-15':'2018-06-30']"
   ]
  },
  {
   "cell_type": "code",
   "execution_count": null,
   "id": "902a6d66",
   "metadata": {},
   "outputs": [],
   "source": []
  },
  {
   "cell_type": "markdown",
   "id": "5d19d940",
   "metadata": {},
   "source": [
    "## Timestamp를 Period로 변환"
   ]
  },
  {
   "cell_type": "code",
   "execution_count": 10,
   "id": "17dfb5ea",
   "metadata": {},
   "outputs": [],
   "source": [
    "dates=['2019-01-01','2020-03-01','2021-06-01']"
   ]
  },
  {
   "cell_type": "code",
   "execution_count": 11,
   "id": "516d62bc",
   "metadata": {},
   "outputs": [],
   "source": [
    "ts_dates=pd.to_datetime(dates)"
   ]
  },
  {
   "cell_type": "code",
   "execution_count": 12,
   "id": "61ac44d2",
   "metadata": {},
   "outputs": [
    {
     "data": {
      "text/plain": [
       "DatetimeIndex(['2019-01-01', '2020-03-01', '2021-06-01'], dtype='datetime64[ns]', freq=None)"
      ]
     },
     "execution_count": 12,
     "metadata": {},
     "output_type": "execute_result"
    }
   ],
   "source": [
    "ts_dates"
   ]
  },
  {
   "cell_type": "code",
   "execution_count": 13,
   "id": "59965ef6",
   "metadata": {},
   "outputs": [
    {
     "data": {
      "text/plain": [
       "PeriodIndex(['2019-01-01', '2020-03-01', '2021-06-01'], dtype='period[D]')"
      ]
     },
     "execution_count": 13,
     "metadata": {},
     "output_type": "execute_result"
    }
   ],
   "source": [
    "pr_day = ts_dates.to_period(freq='D')\n",
    "pr_day"
   ]
  },
  {
   "cell_type": "code",
   "execution_count": 14,
   "id": "495f32ce",
   "metadata": {},
   "outputs": [
    {
     "data": {
      "text/plain": [
       "PeriodIndex(['2019-01', '2020-03', '2021-06'], dtype='period[M]')"
      ]
     },
     "execution_count": 14,
     "metadata": {},
     "output_type": "execute_result"
    }
   ],
   "source": [
    "pr_month = ts_dates.to_period(freq='M')\n",
    "pr_month"
   ]
  },
  {
   "cell_type": "code",
   "execution_count": 15,
   "id": "b52ba1d5",
   "metadata": {},
   "outputs": [
    {
     "data": {
      "text/plain": [
       "PeriodIndex(['2019', '2020', '2021'], dtype='period[A-DEC]')"
      ]
     },
     "execution_count": 15,
     "metadata": {},
     "output_type": "execute_result"
    }
   ],
   "source": [
    "pr_year = ts_dates.to_period(freq='A')\n",
    "pr_year"
   ]
  },
  {
   "cell_type": "markdown",
   "id": "a3cb2bee",
   "metadata": {},
   "source": [
    "## 시계열 데이터 만들기"
   ]
  },
  {
   "cell_type": "code",
   "execution_count": 16,
   "id": "1801ee3f",
   "metadata": {},
   "outputs": [
    {
     "data": {
      "text/plain": [
       "DatetimeIndex(['2019-01-01 00:00:00+09:00', '2019-02-01 00:00:00+09:00',\n",
       "               '2019-03-01 00:00:00+09:00', '2019-04-01 00:00:00+09:00',\n",
       "               '2019-05-01 00:00:00+09:00', '2019-06-01 00:00:00+09:00'],\n",
       "              dtype='datetime64[ns, Asia/Seoul]', freq='MS')"
      ]
     },
     "execution_count": 16,
     "metadata": {},
     "output_type": "execute_result"
    }
   ],
   "source": [
    "ts_ms = pd.date_range(start='2019-01-01',\n",
    "                     end=None,\n",
    "                     periods=6,\n",
    "                     freq='MS',\n",
    "                     tz='Asia/Seoul')\n",
    "ts_ms"
   ]
  },
  {
   "cell_type": "code",
   "execution_count": 17,
   "id": "465590bb",
   "metadata": {},
   "outputs": [
    {
     "data": {
      "text/plain": [
       "DatetimeIndex(['2019-01-31 00:00:00+09:00', '2019-04-30 00:00:00+09:00',\n",
       "               '2019-07-31 00:00:00+09:00', '2019-10-31 00:00:00+09:00',\n",
       "               '2020-01-31 00:00:00+09:00', '2020-04-30 00:00:00+09:00'],\n",
       "              dtype='datetime64[ns, Asia/Seoul]', freq='3M')"
      ]
     },
     "execution_count": 17,
     "metadata": {},
     "output_type": "execute_result"
    }
   ],
   "source": [
    "ts_3m = pd.date_range(start='2019-01-01',\n",
    "                     end=None,\n",
    "                     periods=6,\n",
    "                     freq='3M',\n",
    "                     tz='Asia/Seoul')\n",
    "ts_3m"
   ]
  },
  {
   "cell_type": "code",
   "execution_count": 18,
   "id": "a5340082",
   "metadata": {},
   "outputs": [
    {
     "data": {
      "text/plain": [
       "DatetimeIndex(['2019-01-31 00:00:00+09:00', '2019-02-28 00:00:00+09:00',\n",
       "               '2019-03-31 00:00:00+09:00', '2019-04-30 00:00:00+09:00',\n",
       "               '2019-05-31 00:00:00+09:00', '2019-06-30 00:00:00+09:00'],\n",
       "              dtype='datetime64[ns, Asia/Seoul]', freq='M')"
      ]
     },
     "execution_count": 18,
     "metadata": {},
     "output_type": "execute_result"
    }
   ],
   "source": [
    "ts_me = pd.date_range(start='2019-01-01',\n",
    "                     end=None,\n",
    "                     periods=6,\n",
    "                     freq='M',\n",
    "                     tz='Asia/Seoul')\n",
    "ts_me"
   ]
  },
  {
   "cell_type": "code",
   "execution_count": 19,
   "id": "7cad218a",
   "metadata": {},
   "outputs": [
    {
     "data": {
      "text/plain": [
       "PeriodIndex(['2019-01', '2019-02', '2019-03', '2019-04', '2019-05', '2019-06'], dtype='period[M]')"
      ]
     },
     "execution_count": 19,
     "metadata": {},
     "output_type": "execute_result"
    }
   ],
   "source": [
    "pr_m = pd.period_range(start='2019-01-01',\n",
    "                     end=None,\n",
    "                     periods=6,\n",
    "                     freq='M',\n",
    "                     )\n",
    "pr_m"
   ]
  },
  {
   "cell_type": "code",
   "execution_count": 20,
   "id": "047e531b",
   "metadata": {},
   "outputs": [
    {
     "data": {
      "text/plain": [
       "PeriodIndex(['2019-01-01 00:00', '2019-01-01 01:00', '2019-01-01 02:00'], dtype='period[H]')"
      ]
     },
     "execution_count": 20,
     "metadata": {},
     "output_type": "execute_result"
    }
   ],
   "source": [
    "pr_h = pd.period_range(start='2019-01-01',\n",
    "                     end=None,\n",
    "                     periods=3,\n",
    "                     freq='H',\n",
    "                     )\n",
    "pr_h"
   ]
  },
  {
   "cell_type": "code",
   "execution_count": 21,
   "id": "59ceea22",
   "metadata": {},
   "outputs": [
    {
     "data": {
      "text/plain": [
       "PeriodIndex(['2019-01-01 00:00', '2019-01-01 02:00', '2019-01-01 04:00'], dtype='period[2H]')"
      ]
     },
     "execution_count": 21,
     "metadata": {},
     "output_type": "execute_result"
    }
   ],
   "source": [
    "pr_2h = pd.period_range(start='2019-01-01',\n",
    "                     end=None,\n",
    "                     periods=3zz,\n",
    "                     freq='2H',\n",
    "                     )\n",
    "pr_2h"
   ]
  },
  {
   "cell_type": "markdown",
   "id": "d26eb98d",
   "metadata": {},
   "source": [
    "## 시계열 데이터 활용"
   ]
  },
  {
   "cell_type": "code",
   "execution_count": 26,
   "id": "6a778ba9",
   "metadata": {},
   "outputs": [],
   "source": [
    "df = pd.read_csv('./stock-data.csv')"
   ]
  },
  {
   "cell_type": "code",
   "execution_count": 27,
   "id": "5a9b543f",
   "metadata": {},
   "outputs": [
    {
     "data": {
      "text/html": [
       "<div>\n",
       "<style scoped>\n",
       "    .dataframe tbody tr th:only-of-type {\n",
       "        vertical-align: middle;\n",
       "    }\n",
       "\n",
       "    .dataframe tbody tr th {\n",
       "        vertical-align: top;\n",
       "    }\n",
       "\n",
       "    .dataframe thead th {\n",
       "        text-align: right;\n",
       "    }\n",
       "</style>\n",
       "<table border=\"1\" class=\"dataframe\">\n",
       "  <thead>\n",
       "    <tr style=\"text-align: right;\">\n",
       "      <th></th>\n",
       "      <th>Date</th>\n",
       "      <th>Close</th>\n",
       "      <th>Start</th>\n",
       "      <th>High</th>\n",
       "      <th>Low</th>\n",
       "      <th>Volume</th>\n",
       "    </tr>\n",
       "  </thead>\n",
       "  <tbody>\n",
       "    <tr>\n",
       "      <th>0</th>\n",
       "      <td>2018-07-02</td>\n",
       "      <td>10100</td>\n",
       "      <td>10850</td>\n",
       "      <td>10900</td>\n",
       "      <td>10000</td>\n",
       "      <td>137977</td>\n",
       "    </tr>\n",
       "    <tr>\n",
       "      <th>1</th>\n",
       "      <td>2018-06-29</td>\n",
       "      <td>10700</td>\n",
       "      <td>10550</td>\n",
       "      <td>10900</td>\n",
       "      <td>9990</td>\n",
       "      <td>170253</td>\n",
       "    </tr>\n",
       "    <tr>\n",
       "      <th>2</th>\n",
       "      <td>2018-06-28</td>\n",
       "      <td>10400</td>\n",
       "      <td>10900</td>\n",
       "      <td>10950</td>\n",
       "      <td>10150</td>\n",
       "      <td>155769</td>\n",
       "    </tr>\n",
       "    <tr>\n",
       "      <th>3</th>\n",
       "      <td>2018-06-27</td>\n",
       "      <td>10900</td>\n",
       "      <td>10800</td>\n",
       "      <td>11050</td>\n",
       "      <td>10500</td>\n",
       "      <td>133548</td>\n",
       "    </tr>\n",
       "    <tr>\n",
       "      <th>4</th>\n",
       "      <td>2018-06-26</td>\n",
       "      <td>10800</td>\n",
       "      <td>10900</td>\n",
       "      <td>11000</td>\n",
       "      <td>10700</td>\n",
       "      <td>63039</td>\n",
       "    </tr>\n",
       "    <tr>\n",
       "      <th>5</th>\n",
       "      <td>2018-06-25</td>\n",
       "      <td>11150</td>\n",
       "      <td>11400</td>\n",
       "      <td>11450</td>\n",
       "      <td>11000</td>\n",
       "      <td>55519</td>\n",
       "    </tr>\n",
       "    <tr>\n",
       "      <th>6</th>\n",
       "      <td>2018-06-22</td>\n",
       "      <td>11300</td>\n",
       "      <td>11250</td>\n",
       "      <td>11450</td>\n",
       "      <td>10750</td>\n",
       "      <td>134805</td>\n",
       "    </tr>\n",
       "    <tr>\n",
       "      <th>7</th>\n",
       "      <td>2018-06-21</td>\n",
       "      <td>11200</td>\n",
       "      <td>11350</td>\n",
       "      <td>11750</td>\n",
       "      <td>11200</td>\n",
       "      <td>133002</td>\n",
       "    </tr>\n",
       "    <tr>\n",
       "      <th>8</th>\n",
       "      <td>2018-06-20</td>\n",
       "      <td>11550</td>\n",
       "      <td>11200</td>\n",
       "      <td>11600</td>\n",
       "      <td>10900</td>\n",
       "      <td>308596</td>\n",
       "    </tr>\n",
       "    <tr>\n",
       "      <th>9</th>\n",
       "      <td>2018-06-19</td>\n",
       "      <td>11300</td>\n",
       "      <td>11850</td>\n",
       "      <td>11950</td>\n",
       "      <td>11300</td>\n",
       "      <td>180656</td>\n",
       "    </tr>\n",
       "    <tr>\n",
       "      <th>10</th>\n",
       "      <td>2018-06-18</td>\n",
       "      <td>12000</td>\n",
       "      <td>13400</td>\n",
       "      <td>13400</td>\n",
       "      <td>12000</td>\n",
       "      <td>309787</td>\n",
       "    </tr>\n",
       "    <tr>\n",
       "      <th>11</th>\n",
       "      <td>2018-06-15</td>\n",
       "      <td>13400</td>\n",
       "      <td>13600</td>\n",
       "      <td>13600</td>\n",
       "      <td>12900</td>\n",
       "      <td>201376</td>\n",
       "    </tr>\n",
       "    <tr>\n",
       "      <th>12</th>\n",
       "      <td>2018-06-14</td>\n",
       "      <td>13450</td>\n",
       "      <td>13200</td>\n",
       "      <td>13700</td>\n",
       "      <td>13150</td>\n",
       "      <td>347451</td>\n",
       "    </tr>\n",
       "    <tr>\n",
       "      <th>13</th>\n",
       "      <td>2018-06-12</td>\n",
       "      <td>13200</td>\n",
       "      <td>12200</td>\n",
       "      <td>13300</td>\n",
       "      <td>12050</td>\n",
       "      <td>558148</td>\n",
       "    </tr>\n",
       "    <tr>\n",
       "      <th>14</th>\n",
       "      <td>2018-06-11</td>\n",
       "      <td>11950</td>\n",
       "      <td>12000</td>\n",
       "      <td>12250</td>\n",
       "      <td>11950</td>\n",
       "      <td>62293</td>\n",
       "    </tr>\n",
       "    <tr>\n",
       "      <th>15</th>\n",
       "      <td>2018-06-08</td>\n",
       "      <td>11950</td>\n",
       "      <td>11950</td>\n",
       "      <td>12200</td>\n",
       "      <td>11800</td>\n",
       "      <td>59258</td>\n",
       "    </tr>\n",
       "    <tr>\n",
       "      <th>16</th>\n",
       "      <td>2018-06-07</td>\n",
       "      <td>11950</td>\n",
       "      <td>12200</td>\n",
       "      <td>12300</td>\n",
       "      <td>11900</td>\n",
       "      <td>49088</td>\n",
       "    </tr>\n",
       "    <tr>\n",
       "      <th>17</th>\n",
       "      <td>2018-06-05</td>\n",
       "      <td>12150</td>\n",
       "      <td>11800</td>\n",
       "      <td>12250</td>\n",
       "      <td>11800</td>\n",
       "      <td>42485</td>\n",
       "    </tr>\n",
       "    <tr>\n",
       "      <th>18</th>\n",
       "      <td>2018-06-04</td>\n",
       "      <td>11900</td>\n",
       "      <td>11900</td>\n",
       "      <td>12200</td>\n",
       "      <td>11700</td>\n",
       "      <td>25171</td>\n",
       "    </tr>\n",
       "    <tr>\n",
       "      <th>19</th>\n",
       "      <td>2018-06-01</td>\n",
       "      <td>11900</td>\n",
       "      <td>11800</td>\n",
       "      <td>12100</td>\n",
       "      <td>11750</td>\n",
       "      <td>32062</td>\n",
       "    </tr>\n",
       "  </tbody>\n",
       "</table>\n",
       "</div>"
      ],
      "text/plain": [
       "          Date  Close  Start   High    Low  Volume\n",
       "0   2018-07-02  10100  10850  10900  10000  137977\n",
       "1   2018-06-29  10700  10550  10900   9990  170253\n",
       "2   2018-06-28  10400  10900  10950  10150  155769\n",
       "3   2018-06-27  10900  10800  11050  10500  133548\n",
       "4   2018-06-26  10800  10900  11000  10700   63039\n",
       "5   2018-06-25  11150  11400  11450  11000   55519\n",
       "6   2018-06-22  11300  11250  11450  10750  134805\n",
       "7   2018-06-21  11200  11350  11750  11200  133002\n",
       "8   2018-06-20  11550  11200  11600  10900  308596\n",
       "9   2018-06-19  11300  11850  11950  11300  180656\n",
       "10  2018-06-18  12000  13400  13400  12000  309787\n",
       "11  2018-06-15  13400  13600  13600  12900  201376\n",
       "12  2018-06-14  13450  13200  13700  13150  347451\n",
       "13  2018-06-12  13200  12200  13300  12050  558148\n",
       "14  2018-06-11  11950  12000  12250  11950   62293\n",
       "15  2018-06-08  11950  11950  12200  11800   59258\n",
       "16  2018-06-07  11950  12200  12300  11900   49088\n",
       "17  2018-06-05  12150  11800  12250  11800   42485\n",
       "18  2018-06-04  11900  11900  12200  11700   25171\n",
       "19  2018-06-01  11900  11800  12100  11750   32062"
      ]
     },
     "execution_count": 27,
     "metadata": {},
     "output_type": "execute_result"
    }
   ],
   "source": [
    "df"
   ]
  },
  {
   "cell_type": "code",
   "execution_count": 28,
   "id": "219fcd29",
   "metadata": {},
   "outputs": [],
   "source": [
    "df['new_Date']=pd.to_datetime(df['Date'])"
   ]
  },
  {
   "cell_type": "code",
   "execution_count": 29,
   "id": "34f3c669",
   "metadata": {},
   "outputs": [],
   "source": [
    "import pandas as pd"
   ]
  },
  {
   "cell_type": "code",
   "execution_count": 30,
   "id": "0a87dd21",
   "metadata": {},
   "outputs": [],
   "source": [
